%% BAS Power Map

Power=[0 5 10 15 20 25 30]; 
Torque=[-50,-40,-30,-25,-20,-15,-10,-8,-6,-4,-2,0];

Speed=[0,-100,-200,-300,-400,-500,-600;...
    0,-125,-250,-375,-500,-625,-750;...
    0,-166.6,-333.3,-500,-666.6,-833.3,-1000;...
    0,-200,-400,-600,-800,-1000,-1200;...
    0,-250,-500,-750,-1000,-1250,-1500;...
    0,-333.3,-666.6,-1000,-1333.3,-1666.6,-2000;...
    0,-500,-1000,-1500,-2000,-2500,-3000;...
    0,-625,-1250,-1875,-2500,-3125,-3750;...
    0,-833.3,-1666.6,-2500,-3333.3,-4166.6,-5000;...
    0,-1250,-2500,-3750,-5000,-6250,-7500;...
    0,-2500,-5000,-7500,-10000,-12500,-15000;...
    0,0,0,0,0,0,0];

%% Engine Power Map 

EngPwr=[0 5	10	15	20	25	30	35	40	45	50	55	60	65	70	75	80	85	90	95	100	105	110	115];
EngSpd=[0 477.4645 954.929 1909.858 2864.787 3819.716 4774.645 5729.574 6684.503];
EngTrq=[0	0	0	0	0	0	0	0	0	0	0	0	0	0	0	0	0	0	0	0	0	0	0	0
0	100	200	0	0	0	0	0	0	0	0	0	0	0	0	0	0	0	0	0	0	0	0	0
0	50	100	150	200	0	0	0	0	0	0	0	0	0	0	0	0	0	0	0	0	0	0	0
0	25	50	75	100	125	150	175	200	225	0	0	0	0	0	0	0	0	0	0	0	0	0	0
0	16.6 33.3	50	66.6	83.3	100	116.6	133.3	150	166.6	183.3	200	216.6	233.3	0	0	0	0	0	0	0 0 0 
0	12.5	25	37.5	50	62.5	75	87.5	100	112.5	125	137.5	150	162.5	175	187.5	200	212.5	225	0	0	0	0	0
0	10	20	30	40	50	60	70	80	90	100	110	120	130	140	150	160	170	180	190	200	210	220	230
0	8.333333333	16.66666667	25	33.33333333	41.66666667	50	58.33333333	66.66666667	75	83.33333333	91.66666667	100	108.3333333	116.6666667	125	133.3333333	141.6666667	150	158.3333333	166.6666667	175	183.3333333	191.6666667
0	7.142857143	14.28571429	21.42857143	28.57142857	35.71428571	42.85714286	50	57.14285714	64.28571429	71.42857143	78.57142857	85.71428571	92.85714286	100	107.1428571	114.2857143	121.4285714	128.5714286	135.7142857	142.8571429	150	157.1428571	164.2857143
];